match_id : 849213 
Game Data: 
line 0 : 386|34132339|Unibet|1.5|3.8|6|60.8|24|15.2|91.2||||||||0.90|0.91|0.96|2013,11-1,05,01,59,00|优胜客(马耳他)|1|0
line 1 : 90|34113179|Easybets|1.47|3.9|6|61.66|23.24|15.11|90.64|1.55|3.6|5.5|58.4|25.14|16.46|90.52|0.93|0.86|0.88|2013,11-1,05,07,00,00|易胜博(安提瓜和巴布达)|1|0
line 2 : 81|34105400|Vcbet|1.5|4|6.5|62.28|23.35|14.37|93.42|1.571|4|6|60.44|23.74|15.82|94.95|0.94|0.96|0.96|2013,11-1,05,22,45,00|伟德(直布罗陀)|1|0
line 3 : 115|34165439|William Hill|1.57|3.5|5|56.74|25.45|17.81|89.08||||||||0.94|0.84|0.80|2013,11-1,05,22,55,00|威廉希尔(英国)|1|0
line 4 : 517|34129121|Mansion88.com|1.53|3.7|5.68|59.42|24.57|16.01|90.91|1.56|3.54|5.67|58.28|25.68|16.04|90.92|0.94|0.85|0.91|2013,11-1,05,22,59,00|明陞(菲律宾)|1|0
line 5 : 474|34105173|sbobet|1.46|4|6|62.18|22.69|15.13|90.78|1.55|3.6|5.6|58.57|25.22|16.21|90.78|0.93|0.86|0.90|2013,11-1,05,22,58,00|利记sbobet(英国)|1|0
line 6 : 82|34106490|Ladbrokes|1.4|4.2|7|65.22|21.74|13.04|91.31|1.53|3.8|5.75|59.93|24.13|15.95|91.69|0.92|0.91|0.92|2013,11-1,05,22,55,00|立博(英国)|1|0
line 7 : 499|34106408|188bet|1.45|4|6.25|62.72|22.73|14.55|90.94|1.55|3.65|5.48|58.57|24.87|16.56|90.78|0.93|0.88|0.88|2013,11-1,05,22,49,00|金宝博(马恩岛)|1|0
line 8 : 422|34132340|Sportingbet|1.45|4|6.25|62.72|22.73|14.55|90.94|1.5|3.8|5.75|60.4|23.84|15.76|90.6|0.90|0.91|0.92|2013,11-1,05,12,08,00|博天堂(瓦努阿图)|1|0
line 9 : 100|34132348|Stan James|1.5|3.8|5.75|60.4|23.84|15.76|90.6|1.57|3.6|5.25|57.63|25.13|17.23|90.48|0.94|0.86|0.84|2013,11-1,05,22,45,00|Stan James(直布罗陀)|1|0
line 10 : 545|34106409|Crown|1.45|4|6.25|62.72|22.73|14.55|90.94|1.55|3.65|5.48|58.57|24.87|16.56|90.78|0.93|0.88|0.88|2013,11-1,05,22,48,00|SB|1|0
line 11 : 177|34132445|Pinnacle Sports|1.58|4.09|6.41|61.24|23.66|15.1|96.76|1.6|4.08|6.51|61.05|23.94|15.01|97.68|0.96|0.98|1.04|2013,11-1,05,22,45,00|PinnacleSports(荷兰)|1|0
line 12 : 104|34132337|Interwetten|1.45|3.8|5.4|60.6|23.12|16.27|87.87||||||||0.87|0.91|0.86|2013,11-1,05,01,59,00|Interwetten(塞浦路斯)|1|0
line 13 : 649|34132392|IBCBET|1.53|3.7|5.68|59.42|24.57|16.01|90.91|1.54|3.73|5.48|59.04|24.37|16.59|90.92|0.92|0.90|0.88|2013,11-1,05,17,23,00|IBCBET(哥斯达黎加)|1|0
line 14 : 158|34132342|gamebookers|1.45|3.9|6|61.98|23.04|14.98|89.87||||||||0.87|0.94|0.96|2013,11-1,05,01,59,00|Gamebookers(安提瓜和巴布达)|1|0
line 15 : 70|34132338|Expekt|1.45|3.8|6|61.6|23.51|14.89|89.32|1.52|3.6|5.5|58.87|24.86|16.27|89.48|0.91|0.86|0.88|2013,11-1,05,22,45,00|Expekt(马耳他)|1|0
line 16 : 255|34132336|bwin|1.45|3.9|6|61.98|23.04|14.98|89.87|1.57|3.7|5|57.53|24.41|18.06|90.32|0.94|0.89|0.80|2013,11-1,05,22,12,00|bwin(奥地利)|1|0
line 17 : 281|34106105|Bet 365|1.44|4.2|7.5|65.15|22.34|12.51|93.82|1.57|4|5.75|60.04|23.57|16.39|94.26|0.94|0.96|0.92|2013,11-1,05,22,09,00|bet 365(英国)|1|0
line 18 : 16|34105524|10BET|1.48|4.05|6.07|62.14|22.71|15.15|91.97|1.55|3.72|5.71|59.24|24.68|16.08|91.82|0.93|0.89|0.91|2013,11-1,05,22,54,00|10BET(英国)|1|0
line 19 : 33|34132418|Redbet|1.49|3.65|6.1|60.52|24.7|14.78|90.17|1.54|3.6|5.5|58.56|25.05|16.4|90.18|0.92|0.86|0.88|2013,11-1,05,22,45,00|Redbet(英国)|0|1
line 20 : 2|34132341|Betfair|1.56|4.2|7.2|62.97|23.39|13.64|98.23|1.6|4.3|6.8|62.21|23.15|14.64|99.54|0.96|1.03|1.09|2013,11-1,05,22,45,00|Betfair(英国)|0|1
line 21 : 54|34145702|BETDAQ|1.46|4.1|6.2|62.83|22.37|14.8|91.73||||||||0.88|0.98|0.99|2013,11-1,05,08,05,00|BETDAQ(爱尔兰)|0|1
line 22 : 659|34106551|wewbet|1.45|4|6.25|62.72|22.73|14.55|90.94|1.55|3.65|5.48|58.57|24.87|16.56|90.78|0.93|0.88|0.88|2013,11-1,05,22,49,00|盈禾(菲律宾)|0|0
line 23 : 755|34132441|youwin|1.45|3.9|6.2|62.28|23.16|14.57|90.31|1.55|3.6|5.2|57.85|24.91|17.24|89.67|0.93|0.86|0.83|2013,11-1,05,22,45,00|youwin|0|0
line 24 : 847|34132440|YayBet|1.49|3.6|6|60.16|24.9|14.94|89.64|1.52|3.55|5.5|58.67|25.12|16.21|89.18|0.91|0.85|0.88|2013,11-1,05,22,45,00|YayBet|0|0
line 25 : 178|34132439|Yabet|1.49|4|6.25|62.08|23.12|14.8|92.5||||||||0.89|0.96|1.00|2013,11-1,05,01,59,00|Yabet(哥斯达黎加)|0|0
line 26 : 266|34145735|wetten.de|1.47|4|5.75|61.61|22.64|15.75|90.57||||||||0.88|0.96|0.92|2013,11-1,05,08,05,00|wetten.de(德国)|0|0
line 27 : 910|34132438|Wettbuero|1.5|4.3|7|63.97|22.32|13.71|95.96||||||||0.90|1.03|1.12|2013,11-1,05,01,59,00|Wettbuero|0|0
line 28 : 823|34132437|VivaroBet|1.52|4|5.9|61.06|23.2|15.73|92.81|1.54|3.95|5.7|60.24|23.49|16.28|92.77|0.92|0.95|0.91|2013,11-1,05,19,53,00|VivaroBet|0|0
line 29 : 315|34145734|Victory|1.45|3.9|6.1|62.13|23.1|14.77|90.09||||||||0.87|0.94|0.98|2013,11-1,05,08,05,00|victory(澳大利亚)|0|0
line 30 : 863|34132436|Victoriatip|1.48|3.89|5.71|60.99|23.2|15.81|90.27||||||||0.89|0.93|0.91|2013,11-1,05,01,59,00|Victoriatip|0|0
line 31 : 914|34132444|uwin.com|1.5|3.85|5.6|60.33|23.51|16.16|90.5|1.55|3.6|5.2|57.85|24.91|17.24|89.67|0.93|0.86|0.83|2013,11-1,05,22,45,00|uwin.com|0|0
line 32 : 909|34132435|Totolotek|1.45|3.95|5.8|61.84|22.7|15.46|89.67||||||||0.87|0.95|0.93|2013,11-1,05,01,59,00|Totolotek|0|0
line 33 : 844|34132434|totesport|1.4|4|6.5|63.88|22.36|13.76|89.43|1.5|3.75|6|60.61|24.24|15.15|90.92|0.90|0.90|0.96|2013,11-1,05,03,56,00|totesport(英国)|0|0
line 34 : 924|34132433|TotalBet|1.45|3.75|6.46|62.07|24|13.93|90||||||||0.87|0.90|1.03|2013,11-1,05,01,59,00|TotalBet|0|0
line 35 : 907|34136842|TopSportWetten|1.45|4|5.75|61.93|22.45|15.62|89.8||||||||0.87|0.96|0.92|2013,11-1,05,06,39,00|TopSportWetten|0|0
line 36 : 908|34132432|Topgoal|1.5|3.9|5.5|60.34|23.21|16.46|90.51||||||||0.90|0.94|0.88|2013,11-1,05,01,59,00|Topgoal|0|0
line 37 : 843|34151452|TonyBet|1.52|3.85|6.2|60.98|24.07|14.95|92.69|1.6|3.85|5|57.62|23.94|18.44|92.19|0.96|0.92|0.80|2013,11-1,05,22,45,00|TonyBet|0|0
line 38 : 660|34132431|Titanbet|1.55|4|5|58.91|22.83|18.26|91.31|1.55|3.75|5.5|58.99|24.38|16.62|91.43|0.93|0.90|0.88|2013,11-1,05,16,07,00|Titanbet(英属维尔京群岛)|0|0
line 39 : 38|34132429|Tipsport-Sk|1.5|4.05|5.45|60.77|22.51|16.73|91.16||||||||0.90|0.97|0.87|2013,11-1,05,01,59,00|Tipsport-Sk(斯洛伐克)|0|0
line 40 : 738|34132430|Tipsport.net|1.5|4.05|5.45|60.77|22.51|16.73|91.16|1.54|3.95|5.3|59.51|23.2|17.29|91.65|0.92|0.95|0.85|2013,11-1,05,22,45,00|Tipsport.net(捷克)|0|0
line 41 : 145|34132428|Tipsport|1.5|4.05|5.45|60.77|22.51|16.73|91.16|1.55|3.9|5.2|58.98|23.44|17.58|91.42|0.93|0.94|0.83|2013,11-1,05,22,45,00|Tipsport(捷克)|0|0
line 42 : 818|34132443|tipp3|1.4|3.3|5.5|59.57|25.27|15.16|83.4||||||||0.84|0.79|0.88|2013,11-1,05,01,59,00|tipp3|0|0
line 43 : 719|34132427|Tipos|1.45|4|5.8|62.02|22.48|15.5|89.93||||||||0.87|0.96|0.93|2013,11-1,05,01,59,00|Tipos(斯洛伐克)|0|0
line 44 : 375|34145733|TipKurz|1.45|4|5.8|62.02|22.48|15.5|89.93||||||||0.87|0.96|0.93|2013,11-1,05,08,05,00|TipKurz(斯洛伐克)|0|0
line 45 : 527|34136841|Tipico|1.5|3.8|6.2|61.1|24.12|14.78|91.65||||||||0.90|0.91|0.99|2013,11-1,05,06,39,00|Tipico(奥地利)|0|0
line 46 : 106|34145732|TheBetArena|1.5|3.7|5.3|59.23|24.01|16.76|88.85||||||||0.90|0.89|0.85|2013,11-1,05,08,05,00|TheBetArena(土耳其)|0|0
line 47 : 804|34132426|Tempobet|1.47|4|6.5|62.75|23.06|14.19|92.24|1.57|3.75|5.5|58.68|24.57|16.75|92.13|0.94|0.90|0.88|2013,11-1,05,09,31,00|Tempobet|0|0
line 48 : 842|34145731|Teambet|1.52|3.9|6|60.86|23.72|15.42|92.51||||||||0.91|0.94|0.96|2013,11-1,05,08,05,00|Teambet|0|0
line 49 : 121|34132425|Synot TIP|1.45|3.85|6.2|62.09|23.39|14.52|90.03|1.57|3.6|5.1|57.34|25.01|17.65|90.02|0.94|0.86|0.82|2013,11-1,05,14,18,00|Synot TIP(捷克)|0|0
line 50 : 737|34132423|SuperSport|1.45|3.7|6.6|62.05|24.32|13.63|89.97|1.55|3.5|5.5|57.98|25.68|16.34|89.87|0.93|0.84|0.88|2013,11-1,05,11,48,00|SuperSport|0|0
line 51 : 904|34132424|Supermatch|1.28|3.7|6.65|65|22.49|12.51|83.2||||||||0.77|0.89|1.06|2013,11-1,05,01,59,00|Supermatch|0|0
line 52 : 60|34132344|STS|1.5|3.85|5.41|59.99|23.37|16.63|89.99|1.55|3.8|4.93|58.06|23.68|18.25|89.99|0.93|0.91|0.79|2013,11-1,05,07,39,00|STS(波兰)|0|0
line 53 : 903|34132422|Stoiximan|1.5|4.15|6.2|62.37|22.54|15.09|93.55||||||||0.90|1.00|0.99|2013,11-1,05,01,59,00|Stoiximan|0|0
line 54 : 124|34145730|StarPrice|1.55|3.8|5.4|59|24.07|16.94|91.45|1.53|3.7|5.67|59.41|24.56|16.03|90.9|0.92|0.89|0.91|2013,11-1,05,16,07,00|StarPrice(奥地利)|0|0
line 55 : 680|34145729|Stanleybet|1.45|4|6.55|63.14|22.89|13.98|91.55||||||||0.87|0.96|1.05|2013,11-1,05,08,05,00|Stanleybet(马尔他)|0|0
line 56 : 706|34132421|Sportsbet.com.au|1.49|3.92|5.85|61.17|23.25|15.58|91.14|1.51|3.84|5.5|59.96|23.58|16.46|90.54|0.91|0.92|0.88|2013,11-1,05,12,08,00|Sportsbet.com.au(澳大利亚)|0|0
line 57 : 466|34145728|SportBet|1.58|4.08|6.32|61.08|23.65|15.27|96.51||||||||0.95|0.98|1.01|2013,11-1,05,08,05,00|SportBet(哥斯达黎加)|0|0
line 58 : 841|34145727|Smarkets|1.47|3.55|5.5|59.48|24.63|15.9|87.44||||||||0.88|0.85|0.88|2013,11-1,05,08,05,00|Smarkets|0|0
line 59 : 167|34145726|skybet|1.5|3.75|5.5|59.78|23.91|16.3|89.67||||||||0.90|0.90|0.88|2013,11-1,05,08,05,00|skybet(英国)|0|0
line 60 : 897|34132420|Schwechat|1.45|3.9|5.2|60.58|22.52|16.89|87.84|1.55|3.8|4.4|56.81|23.17|20.01|88.06|0.93|0.91|0.70|2013,11-1,05,08,20,00|Schwechat|0|0
line 61 : 30|34145725|Sazka|1.45|3.85|5.35|60.69|22.86|16.45|88||||||||0.87|0.92|0.86|2013,11-1,05,08,05,00|Sazka(捷克)|0|0
line 62 : 676|34132419|Samvo|1.54|3.68|5.55|58.96|24.68|16.36|90.8|1.55|3.66|5.44|58.53|24.79|16.68|90.72|0.93|0.88|0.87|2013,11-1,05,17,23,00|Samvo(英国)|0|0
line 63 : 896|34132417|Rebels|1.58|3.75|5.45|58.44|24.62|16.94|92.34|1.6|3.65|5.45|57.74|25.31|16.95|92.38|0.96|0.88|0.87|2013,11-1,05,16,07,00|Rebels|0|0
line 64 : 895|34132416|Public Bet|1.45|3.8|6.84|62.75|23.94|13.3|90.99|1.55|3.6|5.68|58.7|25.28|16.02|90.98|0.93|0.86|0.91|2013,11-1,05,06,18,00|Public Bet|0|0
line 65 : 165|34137525|Primebet|1.55|3.6|5.25|57.94|24.95|17.11|89.81||||||||0.93|0.86|0.84|2013,11-1,05,07,59,00|Primebet(马尔他)|0|0
line 66 : 521|34132415|PartyBets|1.45|3.9|6|61.98|23.04|14.98|89.87|1.57|3.7|5|57.53|24.41|18.06|90.32|0.94|0.89|0.80|2013,11-1,05,22,29,00|PartyBets(直布罗陀)|0|0
line 67 : 893|34132414|Parisport|1.45|3.8|6.35|62.11|23.7|14.18|90.06||||||||0.87|0.91|1.02|2013,11-1,05,01,59,00|Parisport|0|0
line 68 : 646|34132413|PariMatch|1.44|3.8|6|61.77|23.41|14.82|88.95|1.53|3.6|5.5|58.71|24.95|16.33|89.83|0.92|0.86|0.88|2013,11-1,05,22,45,00|PariMatch(俄罗斯)|0|0
line 69 : 656|34145724|Pamestihima|1.4|3.75|5.75|61.85|23.09|15.06|86.59||||||||0.84|0.90|0.92|2013,11-1,05,08,05,00|Pamestihima(希腊)|0|0
line 70 : 19|34132412|PAF|1.5|3.8|6|60.8|24|15.2|91.2||||||||0.90|0.91|0.96|2013,11-1,05,01,59,00|PAF(芬兰)|0|0
line 71 : 826|34132343|Paddy Power|1.44|4|6|62.5|22.5|15|90||||||||0.86|0.96|0.96|2013,11-1,05,01,59,00|Paddy Power(爱尔兰)|0|0
line 72 : 891|34132411|Optibet|1.45|4.01|7.1|63.86|23.09|13.04|92.6|1.51|3.84|6.37|61.34|24.12|14.54|92.62|0.91|0.92|1.02|2013,11-1,05,12,48,00|Optibet|0|0
line 73 : 749|34145723|Offsidebet|1.5|3.75|5.5|59.78|23.91|16.3|89.67||||||||0.90|0.90|0.88|2013,11-1,05,08,05,00|Offsidebet|0|0
line 74 : 913|34132410|Offside|1.5|3.75|5.5|59.78|23.91|16.3|89.67|1.55|3.75|5.25|58.53|24.19|17.28|90.72|0.93|0.90|0.84|2013,11-1,05,18,22,00|Offside|0|0
line 75 : 957|34132408|OddsRing|1.51|3.86|6.73|61.9|24.21|13.89|93.47|1.63|3.68|5.53|57.55|25.49|16.96|93.81|0.98|0.88|0.88|2013,11-1,05,22,45,00|OddsRing|0|0
line 76 : 888|34132409|Oddsen|1.42|3.65|5|59.77|23.25|16.98|84.87||||||||0.85|0.88|0.80|2013,11-1,05,01,59,00|Oddsen|0|0
line 77 : 632|34132407|noxwin|1.51|3.9|6|61.02|23.63|15.36|92.14|1.57|3.75|5.7|59.03|24.71|16.26|92.68|0.94|0.90|0.91|2013,11-1,05,22,45,00|noxwin(马耳他)|0|0
line 78 : 180|34145722|Norway|1.42|3.65|5|59.77|23.25|16.98|84.87||||||||0.85|0.88|0.80|2013,11-1,05,08,05,00|Norway(挪威)|0|0
line 79 : 4|34165359|Nordicbet|1.55|3.85|5|58.39|23.51|18.1|90.5||||||||0.93|0.92|0.80|2013,11-1,05,22,45,00|Nordicbet(马恩岛)|0|0
line 80 : 858|34131661|nikebet|1.54|3.66|5.48|58.76|24.72|16.51|90.49||||||||0.92|0.88|0.88|2013,11-1,05,01,43,00|nikebet|0|0
line 81 : 97|34132406|Nike|1.47|3.8|5.97|61.23|23.69|15.08|90.01|1.52|3.6|5.7|59.21|25|15.79|90|0.91|0.86|0.91|2013,11-1,05,08,05,00|Nike(斯洛伐克)|0|0
line 82 : 956|34132405|NetBet|1.45|4|6.2|62.64|22.71|14.65|90.83|1.5|4|5.5|60.69|22.76|16.55|91.03|0.90|0.96|0.88|2013,11-1,05,13,08,00|NetBet|0|0
line 83 : 732|34132404|myBet|1.45|4|6.2|62.64|22.71|14.65|90.83|1.5|4|5.5|60.69|22.76|16.55|91.03|0.90|0.96|0.88|2013,11-1,05,11,28,00|myBet(马耳他)|0|0
line 84 : 886|34145721|Mozzart|1.5|3.8|5.6|60.15|23.74|16.11|90.23||||||||0.90|0.91|0.90|2013,11-1,05,08,05,00|Mozzart|0|0
line 85 : 838|34132403|Mooregames|1.48|3.55|5.8|59.81|24.93|15.26|88.52|1.52|3.5|5.3|58.1|25.23|16.66|88.31|0.91|0.84|0.85|2013,11-1,05,22,45,00|Mooregames|0|0
line 86 : 801|34132402|Milenium|1.45|3.8|6|61.6|23.51|14.89|89.32||||||||0.87|0.91|0.96|2013,11-1,05,01,59,00|Milenium(波兰)|0|0
line 87 : 837|34132401|Mermaidbet|1.51|3.85|6.05|60.91|23.89|15.2|91.97|1.57|3.75|5.55|58.77|24.61|16.63|92.27|0.94|0.90|0.89|2013,11-1,05,22,45,00|Mermaidbet|0|0
line 88 : 520|34132400|MeridianBet|1.45|4|6.5|63.07|22.86|14.07|91.45||||||||0.87|0.96|1.04|2013,11-1,05,01,59,00|MeridianBet(爱尔兰)|0|0
line 89 : 27|34132399|Maxi-tip|1.48|3.8|5.8|60.8|23.68|15.52|89.98|1.53|3.75|5.6|59.48|24.27|16.25|91|0.92|0.90|0.90|2013,11-1,05,13,08,00|Maxi-tip(捷克)|0|0
line 90 : 816|34132398|Marathonbet|1.55|4.2|6.3|61.92|22.85|15.23|95.98|1.6|4.25|5.5|59.97|22.58|17.45|95.95|0.96|1.02|0.88|2013,11-1,05,20,10,00|Marathonbet|0|0
line 91 : 800|34145720|Marathon|1.55|4.2|6.3|61.92|22.85|15.23|95.98||||||||0.93|1.01|1.01|2013,11-1,05,08,05,00|Marathon|0|0
line 92 : 596|34132397|LUXBET.com|1.47|3.75|5.75|60.69|23.79|15.52|89.21|1.5|3.7|5.5|59.59|24.16|16.25|89.39|0.90|0.89|0.88|2013,11-1,05,15,06,00|LUXBET.com(澳大利亚)|0|0
line 93 : 601|34132396|LEON|1.5|3.61|6.58|60.85|25.28|13.87|91.27|1.55|3.7|6.04|59.68|25|15.32|92.5|0.93|0.89|0.97|2013,11-1,05,21,32,00|LEON(伯利兹)|0|0
line 94 : 884|34132395|Kogler|1.5|3.85|5.6|60.33|23.51|16.16|90.5|1.5|3.75|5.4|59.6|23.84|16.56|89.4|0.90|0.90|0.86|2013,11-1,05,05,36,00|Kogler|0|0
line 95 : 571|34145719|Jetbull|1.52|3.9|6|60.86|23.72|15.42|92.51||||||||0.91|0.94|0.96|2013,11-1,05,08,05,00|Jetbull(俄罗斯)|0|0
line 96 : 730|34145718|Jenningsbet|1.53|4|6.5|61.81|23.64|14.55|94.57||||||||0.92|0.96|1.04|2013,11-1,05,08,05,00|Jenningsbet|0|0
line 97 : 146|34132394|Intertops|1.45|3.95|6|62.16|22.82|15.02|90.13||||||||0.87|0.95|0.96|2013,11-1,05,01,59,00|Intertops(安提瓜和巴布达)|0|0
line 98 : 921|34132393|Inteltek|1.35|3.6|5.5|61.71|23.14|15.15|83.31||||||||0.81|0.86|0.88|2013,11-1,05,01,59,00|Inteltek|0|0
line 99 : 657|34135839|iddaa|1.35|3.6|5.5|61.71|23.14|15.15|83.31||||||||0.81|0.86|0.88|2013,11-1,05,03,56,00|iddaa(土耳其)|0|0
line 100 : 182|34132391|IASbet|1.49|3.92|5.85|61.17|23.25|15.58|91.14|1.51|3.84|5.5|59.96|23.58|16.46|90.54|0.91|0.92|0.88|2013,11-1,05,12,08,00|IASbet.com(澳大利亚)|0|0
line 101 : 717|34145717|Hrvatska Lutrija|1.45|3.8|6.3|62.04|23.68|14.28|89.96||||||||0.87|0.91|1.01|2013,11-1,05,08,05,00|Hrvatska Lutrija(克罗地亚)|0|0
line 102 : 351|34132390|Hititbet|1.5|3.9|5.6|60.52|23.28|16.21|90.78|1.55|3.8|5.4|59|24.07|16.94|91.45|0.93|0.91|0.86|2013,11-1,05,06,18,00|Hititbet(土耳其)|0|0
line 103 : 950|34132389|HeavenBet|1.51|3.86|6.07|60.98|23.85|15.17|92.08|1.55|3.78|5.6|59.28|24.31|16.41|91.88|0.93|0.91|0.90|2013,11-1,05,22,45,00|HeavenBet|0|0
line 104 : 881|34132388|Hattrick|1.45|4|6.3|62.79|22.76|14.45|91.05|1.55|3.8|5.2|58.62|23.91|17.47|90.86|0.93|0.91|0.83|2013,11-1,05,07,20,00|Hattrick|0|0
line 105 : 574|34132387|HappyBet|1.45|3.7|5.8|60.91|23.87|15.23|88.32||||||||0.87|0.89|0.93|2013,11-1,05,01,59,00|HappyBet(瑞典)|0|0
line 106 : 159|34132385|GWbet|1.45|4|5.8|62.02|22.48|15.5|89.93||||||||0.87|0.96|0.93|2013,11-1,05,01,59,00|GWbet(奥地利)|0|0
line 107 : 776|34145716|Guts|1.52|3.9|6|60.86|23.72|15.42|92.51||||||||0.91|0.94|0.96|2013,11-1,05,08,05,00|Guts|0|0
line 108 : 87|34155256|GoldBet|1.56|3.7|5.3|58.28|24.57|17.15|90.92|1.52|3.65|5.95|59.81|24.91|15.28|90.91|0.91|0.88|0.95|2013,11-1,05,17,23,00|GoldBet(奥地利)|0|0
line 109 : 65|34132386|Globet|1.5|3.95|5.7|60.87|23.11|16.02|91.3|1.55|3.8|5.4|59|24.07|16.94|91.45|0.93|0.91|0.86|2013,11-1,05,21,55,00|Globet(英国)|0|0
line 110 : 879|34132384|GLB|1.54|4.02|6.28|61.41|23.53|15.06|94.57||||||||0.92|0.96|1.00|2013,11-1,05,01,59,00|GLB|0|0
line 111 : 669|34145715|Germania Sport|1.5|3.8|5.6|60.15|23.74|16.11|90.23||||||||0.90|0.91|0.90|2013,11-1,05,08,05,00|Germania Sport(德国)|0|0
line 112 : 34|34132383|Fortuna|1.48|3.8|5.8|60.8|23.68|15.52|89.98|1.53|3.75|5.6|59.48|24.27|16.25|91|0.92|0.90|0.90|2013,11-1,05,13,35,00|Fortuna(加拿大)|0|0
line 113 : 73|34151451|Fonbet|1.53|3.8|5.8|60.01|24.16|15.83|91.82|1.55|3.9|5.1|58.78|23.36|17.86|91.11|0.93|0.94|0.82|2013,11-1,05,19,37,00|Fonbet(俄罗斯)|0|0
line 114 : 834|34132382|FavBet|1.53|3.8|5.75|59.93|24.13|15.95|91.69|1.55|3.75|5.5|58.99|24.38|16.62|91.43|0.93|0.90|0.88|2013,11-1,05,19,37,00|FavBet|0|0
line 115 : 946|34132381|Fantasticwin|1.5|4|5.75|61.13|22.92|15.95|91.7|1.55|3.75|5.25|58.53|24.19|17.28|90.72|0.93|0.90|0.84|2013,11-1,05,21,55,00|Fantasticwin|0|0
line 116 : 799|34131662|E6bet|1.45|4|6.25|62.72|22.73|14.55|90.94|1.52|3.65|5.8|59.58|24.81|15.61|90.56|0.91|0.88|0.93|2013,11-1,05,21,55,00|E乐博(菲律宾)|0|0
line 117 : 643|34145714|Evebet|1.52|3.7|5.8|59.78|24.56|15.67|90.87||||||||0.91|0.89|0.93|2013,11-1,05,08,05,00|Evebet(菲律宾)|0|0
line 118 : 918|34132380|Europe-bet|1.45|4.1|6.4|63.28|22.38|14.34|91.76||||||||0.87|0.98|1.02|2013,11-1,05,01,59,00|Europe-bet|0|0
line 119 : 912|34137063|Etoto|1.5|3.75|5.36|59.53|23.81|16.66|89.29||||||||0.90|0.90|0.86|2013,11-1,05,07,20,00|Etoto|0|0
line 120 : 607|34145712|e-stave|1.45|3.75|5.3|60.23|23.29|16.48|87.33||||||||0.87|0.90|0.85|2013,11-1,05,08,05,00|e-stave(斯洛文尼亚)|0|0
line 121 : 812|34137524|Efbet|1.59|4.2|4.9|58.72|22.23|19.05|93.36|1.55|3.8|5.75|59.61|24.32|16.07|92.4|0.93|0.91|0.92|2013,11-1,05,20,28,00|Efbet|0|0
line 122 : 806|34145713|Eccobet|1.5|3.7|5.7|59.93|24.3|15.77|89.9||||||||0.90|0.89|0.91|2013,11-1,05,08,05,00|Eccobet(塞浦路斯)|0|0
line 123 : 540|34132379|Doxxbet|1.45|3.95|5.94|62.07|22.78|15.15|90||||||||0.87|0.95|0.95|2013,11-1,05,01,59,00|Doxxbet(马耳他)|0|0
line 124 : 512|34132346|Digibet|1.47|4|5.75|61.61|22.64|15.75|90.57|1.53|3.75|5.5|59.31|24.2|16.5|90.74|0.92|0.90|0.88|2013,11-1,05,09,52,00|Digibet(德国)|0|0
line 125 : 623|34151450|Dansk Tipstjeneste|1.5|3.8|5.9|60.64|23.94|15.42|90.96|1.52|3.75|5.7|59.81|24.24|15.95|90.91|0.91|0.90|0.91|2013,11-1,05,22,45,00|Dansk Tipstjeneste(丹麦)|0|0
line 126 : 832|34132378|ComeOn|1.51|3.85|6.05|60.91|23.89|15.2|91.97|1.57|3.75|5.55|58.77|24.61|16.63|92.27|0.94|0.90|0.89|2013,11-1,05,22,45,00|ComeOn|0|0
line 127 : 911|34132442|com-bet.com|1.5|3.8|5.5|59.97|23.67|16.36|89.96|1.5|3.7|5.3|59.23|24.01|16.76|88.84|0.90|0.89|0.85|2013,11-1,05,06,18,00|com-bet.com(澳地利)|0|0
line 128 : 384|34132377|Chance|1.5|3.7|5.75|60.01|24.33|15.66|90.01|1.55|3.7|5.1|58.04|24.32|17.64|89.96|0.93|0.89|0.82|2013,11-1,05,08,51,00|Chance(捷克)|0|0
line 129 : 876|34132376|Centurionbet|1.49|3.8|5.9|60.8|23.84|15.36|90.59||||||||0.89|0.91|0.94|2013,11-1,05,01,59,00|Centurionbet|0|0
line 130 : 9|34137220|Centrebet|1.52|3.75|5.5|59.46|24.1|16.43|90.38|1.54|3.75|5.25|58.69|24.1|17.21|90.38|0.92|0.90|0.84|2013,11-1,05,21,55,00|Centrebet(澳大利亚)|0|0
line 131 : 667|34132374|CBM Bookmaker|1.45|4.1|6.85|63.88|22.59|13.52|92.63|1.45|4.1|6.85|63.88|22.59|13.52|92.63|0.87|0.98|1.10|2013,11-1,05,08,20,00|CBM Bookmaker(马耳他)|0|0
line 132 : 695|34132375|CashPoint|1.5|3.8|5.91|60.66|23.94|15.4|90.99||||||||0.90|0.91|0.95|2013,11-1,05,01,59,00|CashPoint(奥地利)|0|0
line 133 : 64|34145711|Canbet|1.55|3.95|5.7|60.08|23.58|16.34|93.12|1.6|3.8|5.5|58.41|24.59|16.99|93.46|0.96|0.91|0.88|2013,11-1,05,22,45,00|Canbet(澳大利亚)|0|0
line 134 : 354|34145710|Boylesports|1.5|3.9|5.5|60.34|23.21|16.46|90.51||||||||0.90|0.94|0.88|2013,11-1,05,08,05,00|Boylesports(爱尔兰)|0|0
line 135 : 620|34132373|Bookmaker.com|1.49|4|6.25|62.08|23.12|14.8|92.5||||||||0.89|0.96|1.00|2013,11-1,05,01,59,00|Bookmaker.com(美国)|0|0
line 136 : 715|34145709|Bookie Bob|1.46|3.8|5.8|61.13|23.49|15.39|89.25||||||||0.88|0.91|0.93|2013,11-1,05,08,05,00|Bookie Bob(英国)|0|0
line 137 : 136|34132372|BoDog|1.54|3.85|5.5|59.52|23.81|16.67|91.66||||||||0.92|0.92|0.88|2013,11-1,05,01,59,00|BoDog(哥斯达黎加)|0|0
line 138 : 382|34132371|BINGOAL|1.46|4.03|6.35|62.81|22.75|14.44|91.7|1.56|3.8|5.38|58.81|24.14|17.05|91.74|0.94|0.91|0.86|2013,11-1,05,21,55,00|BINGOAL(荷兰)|0|0
line 139 : 482|34145708|Betway|1.45|3.8|6|61.6|23.51|14.89|89.32||||||||0.87|0.91|0.96|2013,11-1,05,08,05,00|Betway(直布罗陀)|0|0
line 140 : 665|34145707|Betsson|1.47|4|5.5|61.17|22.48|16.35|89.92||||||||0.88|0.96|0.88|2013,11-1,05,08,05,00|Betsson(瑞典)|0|0
line 141 : 494|34132370|Betsson Sportsbook|1.47|4|5.5|61.17|22.48|16.35|89.92|1.55|3.75|5|58.03|23.98|17.99|89.95|0.93|0.90|0.80|2013,11-1,05,21,55,00|Betsson Sportsbook(英国)|0|0
line 142 : 32|34132369|Betsson Exchang|1.47|4|5.5|61.17|22.48|16.35|89.92||||||||0.88|0.96|0.88|2013,11-1,05,01,59,00|Betsson Exchang(英国)|0|0
line 143 : 829|34132368|BetSonic|1.5|3.65|6|60.21|24.74|15.05|90.31|1.54|3.65|5.6|58.93|24.86|16.21|90.75|0.92|0.88|0.90|2013,11-1,05,22,45,00|BetSonic|0|0
line 144 : 535|34132361|Betshop|1.45|3.9|6.2|62.28|23.16|14.57|90.31|1.45|3.9|6.2|62.28|23.16|14.57|90.31|0.87|0.94|0.99|2013,11-1,05,08,20,00|Betshop(英国)|0|0
line 145 : 828|34132367|Betsafe.DK|1.47|4|5.5|61.17|22.48|16.35|89.92|1.55|3.75|5|58.03|23.98|17.99|89.95|0.93|0.90|0.80|2013,11-1,05,21,55,00|Betsafe.DK|0|0
line 146 : 462|34132366|Betsafe|1.47|4|5.5|61.17|22.48|16.35|89.92||||||||0.88|0.96|0.88|2013,11-1,05,01,59,00|Betsafe(哥斯达黎加)|0|0
line 147 : 171|34145706|Bets4all.com|1.5|3.75|5.4|59.6|23.84|16.56|89.4||||||||0.90|0.90|0.86|2013,11-1,05,08,05,00|bets4all(奥地利)|0|0
line 148 : 942|34145705|Betrockit.com|1.52|3.9|6|60.86|23.72|15.42|92.51||||||||0.91|0.94|0.96|2013,11-1,05,08,05,00|Betrockit.com|0|0
line 149 : 780|34132360|BetRedKings|1.51|3.9|6|61.02|23.63|15.36|92.14|1.53|3.8|6|60.33|24.29|15.38|92.3|0.92|0.91|0.96|2013,11-1,05,22,45,00|BetRedKings|0|0
line 150 : 794|34145704|Betpeople|1.49|3.89|5.9|61.14|23.42|15.44|91.1||||||||0.89|0.93|0.94|2013,11-1,05,08,05,00|Betpeople|0|0
line 151 : 282|34132345|betoto.com|1.45|3.9|6|61.98|23.04|14.98|89.87|1.57|3.7|5|57.53|24.41|18.06|90.32|0.94|0.89|0.80|2013,11-1,05,22,45,00|Betoto(直布罗陀)|0|0
line 152 : 775|34132359|Betonline|1.55|3.65|5.4|58.42|24.81|16.77|90.55|1.57|3.6|5.4|57.91|25.25|16.84|90.92|0.94|0.86|0.86|2013,11-1,05,22,45,00|Betonline|0|0
line 153 : 176|34131659|Betinternet|1.44|4.1|5.75|62.44|21.93|15.64|89.91|1.49|3.84|5.57|60.4|23.44|16.16|90|0.89|0.92|0.89|2013,11-1,05,08,05,00|BetInternet(马恩岛)|0|0
line 154 : 506|34145703|BetGun.com|1.51|3.95|5.1|59.58|22.78|17.64|89.97||||||||0.91|0.95|0.82|2013,11-1,05,08,05,00|BetGun.com(英国)|0|0
line 155 : 156|34132365|Betfred|1.5|3.75|6|60.61|24.24|15.15|90.92||||||||0.90|0.90|0.96|2013,11-1,05,01,59,00|Betfred(英国)|0|0
line 156 : 56|34132364|BETCRIS|1.49|4|6.25|62.08|23.12|14.8|92.5||||||||0.89|0.96|1.00|2013,11-1,05,01,59,00|BETCRIS(哥斯达黎加)|0|0
line 157 : 463|34132358|BetClick|1.45|3.8|6|61.6|23.51|14.89|89.32|1.5|3.6|5.75|59.61|24.84|15.55|89.42|0.90|0.86|0.92|2013,11-1,05,22,45,00|BetClick(英国)|0|0
line 158 : 709|34132357|BetClic.it|1.45|3.8|6|61.6|23.51|14.89|89.32|1.5|3.6|5.75|59.61|24.84|15.55|89.42|0.90|0.86|0.92|2013,11-1,05,22,45,00|BetClic.it(意大利)|0|0
line 159 : 12|34145701|BetClass|1.48|3.96|6.09|61.85|23.12|15.03|91.54||||||||0.89|0.95|0.97|2013,11-1,05,08,05,00|BetClass(马尔他)|0|0
line 160 : 870|34132356|BetChance|1.5|3.7|5.75|60.01|24.33|15.66|90.01|1.55|3.7|5.1|58.04|24.32|17.64|89.96|0.93|0.89|0.82|2013,11-1,05,08,51,00|BetChance(马尔他)|0|0
line 161 : 871|34132363|Betcenter|1.45|4.1|6.5|63.42|22.43|14.15|91.96|1.55|3.9|5.6|59.73|23.74|16.53|92.58|0.93|0.94|0.90|2013,11-1,05,11,48,00|Betcenter|0|0
line 162 : 173|34132347|Bet-at-home.com|1.45|4|6|62.34|22.6|15.06|90.39|1.55|3.6|5.25|57.94|24.95|17.11|89.81|0.93|0.86|0.84|2013,11-1,05,13,56,00|bet-at-home(奥地利)|0|0
line 163 : 641|34132362|Betaland|1.5|3.95|5.7|60.87|23.11|16.02|91.3|1.6|3.7|5.3|57.66|24.93|17.41|92.26|0.96|0.89|0.85|2013,11-1,05,22,45,00|Betaland(马耳他)|0|0
line 164 : 741|34145700|BetAdria|1.43|4|6.65|63.59|22.73|13.67|90.93||||||||0.86|0.96|1.06|2013,11-1,05,08,05,00|BetAdria|0|0
line 165 : 617|34132355|Bet7days|1.5|4|5.5|60.69|22.76|16.55|91.03|1.5|3.8|6|60.8|24|15.2|91.2|0.90|0.91|0.96|2013,11-1,05,17,42,00|Bet7days(哥斯达黎加)|0|0
line 166 : 689|34132354|Bet770|1.45|4|6.2|62.64|22.71|14.65|90.83||||||||0.87|0.96|0.99|2013,11-1,05,01,59,00|Bet770(英国)|0|0
line 167 : 537|34132353|Bet3000|1.5|4|5.8|61.21|22.96|15.83|91.81|1.6|3.75|5.2|57.66|24.6|17.74|92.26|0.96|0.90|0.83|2013,11-1,05,22,45,00|Bet3000(英国)|0|0
line 168 : 464|34145699|BET 1128|1.49|3.8|5.9|60.8|23.84|15.36|90.59||||||||0.89|0.91|0.94|2013,11-1,05,08,05,00|BET 1128(英国)|0|0
line 169 : 584|34145698|Balkan Bet|1.59|4.2|4.9|58.72|22.23|19.05|93.36||||||||0.95|1.01|0.78|2013,11-1,05,08,05,00|Balkan Bet(马耳他)|0|0
line 170 : 852|34131660|as3388|1.53|3.85|5.26|59.23|23.54|17.23|90.62||||||||0.92|0.92|0.84|2013,11-1,05,01,43,00|as3388|0|0
line 171 : 134|34132352|Admiral|1.5|3.7|5.5|59.59|24.16|16.25|89.39|1.55|3.6|5.25|57.94|24.95|17.11|89.81|0.93|0.86|0.84|2013,11-1,05,07,39,00|Admiral(奥地利)|0|0
line 172 : 930|34157327|Adabet|1.5|3.8|5.55|60.06|23.71|16.23|90.09||||||||0.90|0.91|0.89|2013,11-1,05,13,35,00|Adabet|0|0
line 173 : 688|34132351|888.it|1.5|3.8|6|60.8|24|15.2|91.2||||||||0.90|0.91|0.96|2013,11-1,05,01,59,00|888.it(意大利)|0|0
line 174 : 436|34132350|5 Dimes|1.57|4.1|6.43|61.46|23.53|15.01|96.49|1.6|3.98|6.57|60.77|24.43|14.8|97.23|0.96|0.96|1.05|2013,11-1,05,21,32,00|5 Dimes(哥斯达黎加)|0|0
line 175 : 772|34152504|32Red Bet|1.53|3.65|5.7|59.26|24.84|15.91|90.67|1.57|3.95|6.2|60.58|24.08|15.34|95.11|0.94|0.95|0.99|2013,11-1,05,22,45,00|32Red Bet|0|0
line 176 : 381|34132349|24hPoker|1.51|3.9|6|61.02|23.63|15.36|92.14|1.57|3.8|5.5|58.87|24.32|16.81|92.43|0.94|0.91|0.88|2013,11-1,05,22,45,00|24hPoker(瑞典)|0|0
line 177 : 615|34145697|24hBET|1.52|3.9|6|60.86|23.72|15.42|92.51||||||||0.91|0.94|0.96|2013,11-1,05,08,05,00|24hBET(瑞典)|0|0
line 178 : 18|34129120|12bet.com|1.53|3.7|5.68|59.42|24.57|16.01|90.91|1.56|3.54|5.67|58.28|25.68|16.04|90.92|0.94|0.85|0.91|2013,11-1,05,22,59,00|12BET(菲律宾)|0|0
Game Detail: 
line 0 : 34105173^1.55|3.6|5.6|11-06 06:58;1.57|3.55|5.6|11-06 06:54;1.57|3.5|5.6|11-06 06:47;1.58|3.5|5.4|11-06 06:42;1.58|3.55|5.4|11-06 06:38;1.59|3.6|5.2|11-06 06:27;1.56|3.65|5.4|11-06 06:23;1.58|3.6|5.2|11-06 06:15;1.59|3.65|5.2|11-06 06:11;1.6|3.6|5|11-06 06:08;1.58|3.6|5.2|11-06 06:04;1.59|3.6|5.2|11-06 05:55;1.62|3.5|5|11-06 05:51;1.57|3.6|5.4|11-06 05:47;1.58|3.6|5.4|11-06 05:40;1.58|3.6|5.2|11-06 05:36;1.58|3.6|5.4|11-06 05:23;1.57|3.6|5.4|11-06 00:36;1.58|3.55|5.4|11-05 23:24;1.58|3.6|5.4|11-05 22:32;1.58|3.65|5.2|11-05 21:38;1.57|3.65|5.2|11-05 16:08;1.56|3.7|5.4|11-05 15:57;1.56|3.75|5.2|11-05 15:53;1.56|3.7|5.2|11-05 15:50;1.55|3.65|5.6|11-05 15:46;1.55|3.65|5.4|11-05 02:50;1.56|3.7|5.4|11-04 19:09;1.54|3.8|5.4|11-04 17:11;1.59|3.65|5|11-04 17:10;1.47|4|5.8|11-04 17:09;1.49|3.95|5.8|11-04 16:16;1.46|4|6|11-04 08:27;
line 1 : 34105400^1.571|4|6|11-06 06:45;1.6|4|5.5|11-06 06:31;1.571|4|5.75|11-06 06:05;1.615|4|5.4|11-06 05:52;1.571|4|5.75|11-06 05:41;1.571|4|6|11-06 00:53;1.571|4|5.75|11-05 22:38;1.6|4|5.5|11-05 22:08;1.571|4|5.75|11-05 20:09;1.615|4|1.615|11-05 19:40;1.533|4|6.5|11-05 19:12;1.571|4|5.75|11-05 16:53;1.571|4|6|11-05 15:58;1.55|4|6.25|11-05 04:44;1.55|4.1|6|11-05 02:50;1.55|4.2|5.75|11-04 22:08;1.571|4|6|11-04 21:57;1.55|4.2|5.75|11-04 19:11;1.533|4.2|6|11-04 17:16;1.5|4.2|6.5|11-04 16:21;1.45|4.2|7.5|11-04 13:54;1.5|4|6.5|11-04 08:58;
line 2 : 34105524^1.55|3.72|5.71|11-06 06:54;1.56|3.69|5.63|11-06 06:42;1.57|3.7|5.56|11-06 06:40;1.57|3.72|5.44|11-06 06:34;1.56|3.76|5.52|11-06 06:24;1.56|3.73|5.55|11-06 06:18;1.58|3.7|5.45|11-06 06:15;1.58|3.69|5.39|11-06 06:13;1.58|3.67|5.45|11-06 06:10;1.55|3.77|5.59|11-06 05:56;1.56|3.76|5.52|11-06 05:50;1.55|3.79|5.61|11-06 05:48;1.54|3.79|5.64|11-06 05:42;1.53|3.81|5.78|11-06 05:39;1.52|3.83|5.86|11-06 05:31;1.53|3.78|5.85|11-06 05:16;1.52|3.81|5.99|11-06 04:50;1.54|3.75|5.84|11-06 01:22;1.54|3.75|5.83|11-06 00:31;1.54|3.79|5.77|11-05 23:00;1.55|3.78|5.59|11-05 22:34;1.52|3.83|5.81|11-05 22:02;1.53|3.83|5.74|11-05 20:41;1.55|3.76|5.58|11-05 20:00;1.54|3.81|5.7|11-05 19:32;1.53|3.82|5.77|11-05 16:22;1.52|3.84|5.9|11-05 16:19;1.52|3.81|5.98|11-05 13:28;1.5|3.86|6.07|11-05 04:44;1.49|3.95|6.13|11-05 03:13;1.48|3.96|6.31|11-05 02:54;1.47|3.97|6.36|11-05 02:43;1.48|3.96|6.31|11-05 02:29;1.47|3.97|6.4|11-05 02:08;1.47|3.96|6.34|11-05 01:54;1.47|3.97|6.4|11-05 01:34;1.47|3.96|6.34|11-05 01:22;1.47|3.97|6.4|11-05 01:18;1.47|3.96|6.34|11-05 00:50;1.47|3.97|6.4|11-05 00:44;1.47|3.99|6.29|11-05 00:41;1.47|3.96|6.34|11-05 00:25;1.47|3.97|6.4|11-05 00:17;1.48|3.97|6.21|11-05 00:15;1.47|3.97|6.4|11-05 00:08;1.49|4.03|5.87|11-05 00:05;1.47|3.97|6.4|11-05 00:02;1.47|3.96|6.34|11-04 23:19;1.47|3.97|6.4|11-04 23:14;1.47|3.96|6.34|11-04 22:39;1.51|3.85|6.09|11-04 22:34;1.52|3.81|5.91|11-04 22:28;1.5|3.86|6.09|11-04 22:19;1.47|3.96|6.34|11-04 21:35;1.47|3.97|6.4|11-04 21:23;1.47|3.96|6.34|11-04 20:37;1.47|3.97|6.4|11-04 19:59;1.49|3.95|6.15|11-04 19:49;1.48|3.91|6.39|11-04 19:34;1.49|3.91|6.13|11-04 17:29;1.46|4.06|6.35|11-04 16:50;1.43|4.09|6.77|11-04 16:29;1.5|3.98|5.84|11-04 16:27;1.42|4.16|6.8|11-04 14:09;1.47|4.05|6.24|11-04 12:18;1.48|4.05|6.07|11-04 09:25;
line 3 : 34106105^1.57|4|5.75|11-06 06:09;1.61|4|5.25|11-06 05:52;1.57|4|5.75|11-06 04:17;1.53|4|6.25|11-05 04:25;1.44|4.2|7.5|11-04 11:52;
line 4 : 34106408^1.55|3.65|5.48|11-06 06:49;1.52|3.65|5.48|11-06 06:47;1.52|3.65|5.8|11-06 05:59;1.52|3.65|5.48|11-06 05:57;1.52|3.65|5.8|11-06 05:22;1.52|3.7|5.8|11-05 19:04;1.45|4|6.25|11-04 13:53;
line 5 : 34106409^1.55|3.65|5.48|11-06 06:48;1.52|3.65|5.48|11-06 06:47;1.52|3.65|5.8|11-06 05:58;1.52|3.65|5.48|11-06 05:57;1.52|3.65|5.8|11-06 05:21;1.52|3.7|5.8|11-05 13:45;1.45|4|6.25|11-04 13:53;
line 6 : 34106490^1.53|3.8|5.75|11-06 06:55;1.57|3.7|5.25|11-06 06:25;1.57|3.75|5.25|11-06 06:11;1.6|3.7|5.25|11-06 05:54;1.55|3.8|5.5|11-06 05:41;1.5|3.8|5.75|11-06 05:27;1.55|3.75|5.75|11-06 05:12;1.5|3.8|6|11-06 04:44;1.55|3.7|5.75|11-06 01:23;1.53|3.8|5.75|11-05 16:13;1.5|3.8|6|11-05 04:40;1.45|3.9|6|11-05 03:10;1.45|4|6.5|11-04 22:25;1.5|3.8|6|11-04 22:12;1.45|4|6.5|11-04 19:56;1.45|3.9|6|11-04 19:42;1.45|3.9|6.5|11-04 19:25;1.45|3.8|6|11-04 17:25;1.45|4|6.5|11-04 16:57;1.45|4.1|6.5|11-04 16:40;1.4|4.1|7|11-04 15:10;1.4|4.25|7|11-04 14:56;1.4|4.2|7|11-04 14:06;
line 7 : 34106551^1.55|3.65|5.48|11-06 06:49;1.52|3.65|5.48|11-06 06:48;1.52|3.65|5.8|11-06 05:22;1.52|3.63|5.8|11-06 05:21;1.52|3.7|5.8|11-05 13:45;1.45|4|6.25|11-04 14:18;
line 8 : 34113179^1.55|3.6|5.5|11-05 15:00;1.47|3.9|6|11-04 16:35;
line 9 : 34129120^1.56|3.54|5.67|11-06 06:59;1.57|3.53|5.56|11-06 06:56;1.56|3.55|5.64|11-06 06:52;1.58|3.51|5.49|11-06 06:48;1.58|3.47|5.59|11-06 06:46;1.58|3.51|5.49|11-06 06:45;1.58|3.47|5.59|11-06 06:41;1.57|3.42|5.86|11-06 06:40;1.57|3.44|5.8|11-06 06:39;1.58|3.52|5.46|11-06 06:38;1.61|3.53|5.11|11-06 06:31;1.57|3.6|5.4|11-06 06:30;1.58|3.59|5.3|11-06 06:28;1.58|3.61|5.26|11-06 06:27;1.56|3.65|5.41|11-06 06:19;1.58|3.61|5.26|11-06 06:16;1.61|3.53|5.11|11-06 06:15;1.57|3.6|5.4|11-06 06:13;1.61|3.54|5.09|11-06 06:10;1.6|3.55|5.17|11-06 06:08;1.57|3.55|5.51|11-06 06:07;1.58|3.54|5.42|11-06 06:06;1.6|3.5|5.28|11-06 06:04;1.61|3.55|5.07|11-06 06:02;1.62|3.52|5.03|11-06 06:00;1.57|3.6|5.4|11-06 05:59;1.54|3.74|5.46|11-06 05:57;1.58|3.68|5.12|11-06 05:56;1.56|3.7|5.3|11-06 05:54;1.61|3.63|4.92|11-06 05:51;1.62|3.61|4.86|11-06 05:49;1.59|3.66|5.05|11-06 05:47;1.6|3.64|4.99|11-06 05:46;1.58|3.68|5.12|11-06 05:45;1.57|3.64|5.31|11-06 05:43;1.6|3.64|4.99|11-06 05:42;1.58|3.68|5.12|11-06 05:40;1.6|3.65|4.97|11-06 05:39;1.57|3.7|5.19|11-06 05:38;1.54|3.74|5.46|11-06 05:30;1.54|3.75|5.44|11-06 05:14;1.54|3.73|5.48|11-06 00:55;1.54|3.74|5.46|11-06 00:28;1.57|3.68|5.23|11-05 21:38;1.58|3.72|5.04|11-05 19:31;1.56|3.75|5.2|11-05 19:13;1.55|3.78|5.26|11-05 15:57;1.56|3.75|5.2|11-05 15:49;1.57|3.77|5.06|11-05 15:47;1.55|3.66|5.51|11-05 15:46;1.55|3.7|5.42|11-05 13:54;1.6|3.55|5.17|11-05 13:41;1.57|3.61|5.37|11-05 13:26;1.55|3.64|5.55|11-05 11:14;1.53|3.7|5.68|11-05 07:29;
line 10 : 34129121^1.56|3.54|5.67|11-06 06:59;1.57|3.53|5.56|11-06 06:57;1.58|3.51|5.49|11-06 06:56;1.56|3.55|5.64|11-06 06:52;1.58|3.51|5.49|11-06 06:48;1.58|3.47|5.59|11-06 06:47;1.57|3.42|5.86|11-06 06:46;1.58|3.51|5.49|11-06 06:45;1.58|3.47|5.59|11-06 06:41;1.57|3.42|5.86|11-06 06:40;1.57|3.44|5.8|11-06 06:39;1.58|3.52|5.46|11-06 06:38;1.61|3.53|5.11|11-06 06:31;1.57|3.6|5.4|11-06 06:29;1.58|3.59|5.3|11-06 06:28;1.58|3.61|5.26|11-06 06:27;1.56|3.65|5.41|11-06 06:19;1.58|3.61|5.26|11-06 06:16;1.58|3.62|5.24|11-06 06:15;1.57|3.6|5.4|11-06 06:14;1.58|3.58|5.33|11-06 06:13;1.61|3.54|5.09|11-06 06:10;1.6|3.55|5.17|11-06 06:08;1.57|3.55|5.51|11-06 06:07;1.58|3.54|5.42|11-06 06:06;1.6|3.5|5.28|11-06 06:05;1.61|3.55|5.07|11-06 06:03;1.62|3.52|5.03|11-06 06:02;1.57|3.6|5.4|11-06 05:59;1.54|3.74|5.46|11-06 05:57;1.58|3.68|5.12|11-06 05:56;1.56|3.7|5.3|11-06 05:54;1.61|3.63|4.92|11-06 05:51;1.62|3.61|4.86|11-06 05:49;1.59|3.66|5.05|11-06 05:47;1.6|3.64|4.99|11-06 05:46;1.58|3.68|5.12|11-06 05:45;1.57|3.64|5.31|11-06 05:43;1.6|3.64|4.99|11-06 05:42;1.58|3.68|5.12|11-06 05:40;1.6|3.65|4.97|11-06 05:39;1.54|3.74|5.46|11-06 05:30;1.54|3.75|5.44|11-06 05:14;1.54|3.73|5.48|11-06 00:56;1.54|3.74|5.46|11-06 00:28;1.57|3.68|5.23|11-05 21:39;1.58|3.72|5.04|11-05 19:31;1.56|3.75|5.2|11-05 19:12;1.55|3.78|5.26|11-05 15:57;1.56|3.75|5.2|11-05 15:49;1.56|3.76|5.18|11-05 15:48;1.55|3.66|5.51|11-05 15:46;1.55|3.7|5.42|11-05 13:54;1.6|3.55|5.17|11-05 13:41;1.57|3.61|5.37|11-05 13:25;1.55|3.64|5.55|11-05 11:15;1.53|3.7|5.68|11-05 07:29;
line 11 : 34131659^1.49|3.84|5.57|11-05 16:05;1.44|4.1|5.75|11-05 09:43;
line 12 : 34131660^1.53|3.85|5.26|11-05 09:43;
line 13 : 34131661^1.54|3.66|5.48|11-05 09:43;
line 14 : 34131662^1.52|3.65|5.8|11-06 05:55;1.52|3.7|5.8|11-05 14:18;1.45|4|6.25|11-05 09:43;
line 15 : 34132336^1.57|3.7|5|11-06 06:12;1.45|3.9|6|11-05 09:59;
line 16 : 34132337^1.45|3.8|5.4|11-05 09:59;
line 17 : 34132338^1.52|3.6|5.5|11-06 06:45;1.52|3.5|5.75|11-06 06:29;1.5|3.6|5.75|11-06 06:12;1.48|3.75|5.75|11-06 00:48;1.52|3.6|5.5|11-05 20:08;1.5|3.75|5.5|11-05 16:05;1.5|3.6|5.75|11-05 14:18;1.48|3.75|6|11-05 11:56;1.45|3.8|6|11-05 09:59;
line 18 : 34132339^1.5|3.8|6|11-05 09:59;
line 19 : 34132340^1.5|3.8|5.75|11-05 20:08;1.45|4|6.25|11-05 09:59;
line 20 : 34132341^1.6|4.3|6.8|11-06 06:45;1.63|4.1|6.6|11-06 05:55;1.61|4.1|6.8|11-06 04:59;1.59|4.2|6.8|11-06 02:42;1.59|4.2|6.6|11-06 01:42;1.62|4.2|6.6|11-06 00:27;1.62|4.1|6.8|11-05 23:06;1.61|4.2|6.8|11-05 22:18;1.61|4.1|6.8|11-05 21:08;1.6|4.2|6.8|11-05 19:48;1.59|4.2|7|11-05 18:53;1.6|4.2|7|11-05 17:52;1.57|4.2|7.2|11-05 16:31;1.56|4.2|7.2|11-05 16:20;1.57|4.3|7.2|11-05 16:05;1.56|4.2|7.2|11-05 12:57;1.57|4.2|7.2|11-05 10:19;1.56|4.2|7.2|11-05 09:59;
line 21 : 34132342^1.45|3.9|6|11-05 09:59;
line 22 : 34132343^1.44|4|6|11-05 09:59;
line 23 : 34132344^1.55|3.8|4.93|11-05 15:39;1.5|3.85|5.41|11-05 09:59;
line 24 : 34132345^1.57|3.7|5|11-06 06:45;1.45|3.9|6|11-05 09:59;
line 25 : 34132346^1.53|3.75|5.5|11-05 17:52;1.47|4|5.75|11-05 09:59;
line 26 : 34132347^1.55|3.6|5.25|11-05 21:56;1.45|4|6|11-05 09:59;
line 27 : 34132348^1.57|3.6|5.25|11-06 06:45;1.53|3.75|5.25|11-06 05:55;1.53|3.8|5.5|11-05 14:18;1.5|3.8|5.75|11-05 09:59;
line 28 : 34132349^1.57|3.8|5.5|11-06 06:45;1.54|3.85|5.9|11-06 05:32;1.53|3.85|5.9|11-06 04:28;1.54|3.85|5.9|11-06 02:42;1.54|3.85|6|11-06 02:22;1.52|3.8|6|11-06 01:42;1.53|3.8|5.9|11-06 00:07;1.52|3.8|5.9|11-05 22:39;1.52|3.85|5.9|11-05 22:18;1.52|3.9|6|11-05 21:56;1.52|3.85|5.9|11-05 20:28;1.52|3.85|6|11-05 20:08;1.52|3.85|5.9|11-05 17:52;1.52|3.85|6|11-05 16:51;1.52|3.9|6|11-05 14:18;1.51|3.9|6|11-05 09:59;
line 29 : 34132350^1.6|3.98|6.57|11-06 05:32;1.59|4.06|6.55|11-06 04:59;1.58|4.11|6.66|11-06 04:28;1.57|4.09|6.74|11-06 02:42;1.57|4.09|6.73|11-06 02:02;1.59|4.05|6.62|11-06 01:23;1.6|4.04|6.53|11-06 00:27;1.6|3.97|6.61|11-06 00:07;1.57|3.96|6.84|11-05 23:06;1.58|4.01|6.67|11-05 21:08;1.59|4.08|6.27|11-05 20:48;1.58|4.1|6.32|11-05 20:08;1.57|4.08|6.56|11-05 16:20;1.58|4.08|6.32|11-05 16:05;1.57|4.08|6.56|11-05 14:39;1.59|4.01|6.39|11-05 14:18;1.57|4.08|6.56|11-05 12:57;1.57|4.08|6.59|11-05 12:23;1.57|4.1|6.43|11-05 09:59;
line 30 : 34132351^1.5|3.8|6|11-05 09:59;
line 31 : 34132352^1.55|3.6|5.25|11-05 15:39;1.5|3.7|5.5|11-05 09:59;
line 32 : 34132353^1.6|3.75|5.2|11-06 06:45;1.55|3.85|5.4|11-06 05:55;1.55|3.9|5.6|11-05 15:00;1.5|4|5.8|11-05 09:59;
line 33 : 34132354^1.45|4|6.2|11-05 09:59;
line 34 : 34132355^1.5|3.8|6|11-06 01:42;1.58|3.75|5|11-05 22:18;1.57|4|5|11-05 19:48;1.48|3.8|6|11-05 18:53;1.54|3.6|6|11-05 17:52;1.53|3.7|6|11-05 16:20;1.53|3.75|6|11-05 16:05;1.53|3.7|6|11-05 15:00;1.5|3.8|6|11-05 12:57;1.5|3.6|6.5|11-05 10:19;1.5|4|5.5|11-05 09:59;
line 35 : 34132356^1.55|3.7|5.1|11-05 16:51;1.5|3.7|5.75|11-05 09:59;
line 36 : 34132357^1.5|3.6|5.75|11-06 06:45;1.48|3.75|5.75|11-06 01:42;1.5|3.75|5.5|11-05 16:31;1.5|3.6|5.75|11-05 16:20;1.45|3.75|6|11-05 16:05;1.5|3.6|5.75|11-05 15:00;1.48|3.75|6|11-05 12:57;1.45|3.8|6|11-05 09:59;
line 37 : 34132358^1.5|3.6|5.75|11-06 06:45;1.52|3.6|5.5|11-06 06:29;1.58|3.6|5|11-06 06:12;1.5|3.75|5.75|11-06 05:55;1.48|3.75|5.75|11-06 01:23;1.52|3.6|5.5|11-05 20:28;1.5|3.75|5.5|11-05 16:20;1.48|3.75|5.5|11-05 16:05;1.5|3.6|5.75|11-05 14:18;1.48|3.75|6|11-05 11:56;1.45|3.8|6|11-05 09:59;
line 38 : 34132359^1.57|3.6|5.4|11-06 06:45;1.58|3.6|5.4|11-06 05:55;1.57|3.6|5.4|11-06 01:42;1.58|3.55|5.4|11-06 00:27;1.58|3.65|5.2|11-05 22:18;1.57|3.65|5.2|11-05 16:31;1.55|3.65|5.4|11-05 16:20;1.55|3.7|5.4|11-05 16:05;1.55|3.65|5.4|11-05 09:59;
line 39 : 34132360^1.53|3.8|6|11-06 06:45;1.52|3.85|6|11-06 06:29;1.53|3.8|6|11-06 06:12;1.52|3.85|6|11-06 05:55;1.53|3.8|6|11-06 05:32;1.52|3.85|6|11-06 05:16;1.53|3.8|6|11-06 04:59;1.52|3.85|6|11-06 04:28;1.53|3.8|6|11-06 04:12;1.52|3.85|6|11-06 04:10;1.53|3.8|6|11-06 03:53;1.52|3.85|6|11-06 03:37;1.53|3.8|6|11-06 02:42;1.52|3.85|6|11-06 02:22;1.53|3.8|6|11-06 02:02;1.52|3.85|6|11-06 01:42;1.53|3.8|6|11-06 01:23;1.52|3.85|6|11-05 21:08;1.51|3.9|6|11-05 20:48;1.52|3.85|6|11-05 20:28;1.51|3.9|6|11-05 20:08;1.52|3.85|6|11-05 19:48;1.51|3.9|6|11-05 16:20;1.52|3.9|6|11-05 16:05;1.51|3.9|6|11-05 09:59;
line 40 : 34132361^1.45|3.9|6.2|11-05 16:20;1.5|3.75|5.4|11-05 16:05;1.45|3.9|6.2|11-05 09:59;
line 41 : 34132362^1.6|3.7|5.3|11-06 06:45;1.55|3.8|5.4|11-06 05:55;1.55|3.85|5.5|11-05 14:18;1.5|3.95|5.7|11-05 09:59;
line 42 : 34132363^1.55|3.9|5.6|11-05 19:48;1.45|4.1|6.5|11-05 09:59;
line 43 : 34132364^1.49|4|6.25|11-05 09:59;
line 44 : 34132365^1.5|3.75|6|11-05 09:59;
line 45 : 34132366^1.47|4|5.5|11-05 09:59;
line 46 : 34132367^1.55|3.75|5|11-06 05:55;1.47|4|5.5|11-05 09:59;
line 47 : 34132368^1.54|3.65|5.6|11-06 06:45;1.56|3.55|5.5|11-06 05:55;1.53|3.65|5.7|11-06 03:37;1.52|3.65|5.7|11-06 02:42;1.55|3.55|5.7|11-06 00:27;1.54|3.55|5.7|11-05 23:06;1.53|3.65|5.7|11-05 22:18;1.53|3.6|5.8|11-05 21:08;1.52|3.65|5.8|11-05 20:08;1.51|3.65|6|11-05 16:31;1.5|3.65|6|11-05 16:20;1.49|3.7|6.2|11-05 16:05;1.5|3.65|6|11-05 09:59;
line 48 : 34132369^1.47|4|5.5|11-05 09:59;
line 49 : 34132370^1.55|3.75|5|11-06 05:55;1.47|4|5.5|11-05 09:59;
line 50 : 34132371^1.56|3.8|5.38|11-06 05:55;1.46|4.03|6.35|11-05 16:20;1.54|3.86|5.53|11-05 16:05;1.46|4.03|6.35|11-05 09:59;
line 51 : 34132372^1.54|3.85|5.5|11-05 09:59;
line 52 : 34132373^1.49|4|6.25|11-05 09:59;
line 53 : 34132374^1.45|4.1|6.85|11-05 16:20;1.44|4.1|7.05|11-05 16:05;1.45|4.1|6.85|11-05 09:59;
line 54 : 34132375^1.5|3.8|5.91|11-05 09:59;
line 55 : 34132376^1.49|3.8|5.9|11-05 09:59;
line 56 : 34132377^1.55|3.7|5.1|11-05 16:51;1.5|3.7|5.75|11-05 09:59;
line 57 : 34132378^1.57|3.75|5.55|11-06 06:45;1.54|3.8|5.7|11-06 05:55;1.54|3.75|5.85|11-06 01:42;1.54|3.8|5.75|11-05 23:06;1.54|3.85|5.75|11-05 21:08;1.54|3.8|5.7|11-05 20:08;1.54|3.8|5.75|11-05 17:52;1.53|3.8|6|11-05 14:18;1.51|3.85|6.05|11-05 09:59;
line 58 : 34132379^1.45|3.95|5.94|11-05 09:59;
line 59 : 34132380^1.45|4.1|6.4|11-05 09:59;
line 60 : 34132381^1.55|3.75|5.25|11-06 05:55;1.53|3.75|5.25|11-06 04:59;1.55|3.75|5.25|11-06 02:42;1.53|3.75|5.5|11-06 01:42;1.53|3.75|5.25|11-05 22:18;1.53|4|5.25|11-05 21:08;1.55|3.75|5.25|11-05 20:08;1.55|4|5.25|11-05 17:52;1.53|4|5.5|11-05 16:31;1.5|3.75|5.5|11-05 11:18;1.5|4|5.75|11-05 09:59;
line 61 : 34132382^1.55|3.75|5.5|11-06 03:37;1.57|3.75|5.5|11-05 23:06;1.55|3.8|5.5|11-05 16:31;1.53|3.8|5.75|11-05 16:20;1.55|3.8|5.5|11-05 16:05;1.53|3.8|5.75|11-05 09:59;
line 62 : 34132383^1.53|3.75|5.6|11-05 21:35;1.5|3.8|5.9|11-05 12:57;1.48|3.8|5.8|11-05 09:59;
line 63 : 34132384^1.54|4.02|6.28|11-05 09:59;
line 64 : 34132385^1.45|4|5.8|11-05 09:59;
line 65 : 34132386^1.55|3.8|5.4|11-06 05:55;1.5|3.95|5.7|11-05 16:20;1.55|3.85|5.5|11-05 16:05;1.5|3.95|5.7|11-05 09:59;
line 66 : 34132387^1.45|3.7|5.8|11-05 09:59;
line 67 : 34132388^1.55|3.8|5.2|11-05 15:20;1.45|4|6.3|11-05 09:59;
line 68 : 34132389^1.55|3.78|5.6|11-06 06:45;1.54|3.8|5.72|11-06 05:55;1.54|3.75|5.84|11-06 01:42;1.54|3.79|5.77|11-05 23:06;1.53|3.83|5.74|11-05 21:08;1.54|3.81|5.7|11-05 20:08;1.53|3.82|5.77|11-05 17:52;1.52|3.81|5.98|11-05 14:18;1.51|3.86|6.07|11-05 09:59;
line 69 : 34132390^1.55|3.8|5.4|11-05 14:18;1.5|3.9|5.6|11-05 09:59;
line 70 : 34132391^1.51|3.84|5.5|11-05 20:08;1.49|3.92|5.85|11-05 09:59;
line 71 : 34132392^1.54|3.73|5.48|11-06 01:23;1.58|3.72|5.04|11-05 20:08;1.55|3.78|5.26|11-05 16:31;1.56|3.75|5.2|11-05 16:20;1.55|3.78|5.26|11-05 16:05;1.56|3.75|5.2|11-05 15:59;1.53|3.7|5.68|11-05 09:59;
line 72 : 34132393^1.35|3.6|5.5|11-05 09:59;
line 73 : 34132394^1.45|3.95|6|11-05 09:59;
line 74 : 34132395^1.5|3.75|5.4|11-05 13:36;1.5|3.85|5.6|11-05 09:59;
line 75 : 34132396^1.55|3.7|6.04|11-06 05:32;1.52|3.79|6.22|11-06 02:22;1.54|3.79|6.22|11-05 20:28;1.52|3.79|6.22|11-05 17:31;1.5|3.61|6.58|11-05 16:20;1.51|3.79|6.04|11-05 16:05;1.5|3.61|6.58|11-05 09:59;
line 76 : 34132397^1.5|3.7|5.5|11-05 23:06;1.49|3.7|5.5|11-05 21:08;1.49|3.75|5.5|11-05 17:11;1.48|3.75|5.75|11-05 15:39;1.47|3.75|5.75|11-05 09:59;
line 77 : 34132398^1.6|4.25|5.5|11-06 04:10;1.59|4.25|5.6|11-06 02:02;1.56|4.2|6.2|11-06 00:27;1.57|4.2|6|11-05 20:28;1.55|4.2|6.3|11-05 09:59;
line 78 : 34132399^1.53|3.75|5.6|11-05 21:08;1.5|3.8|5.9|11-05 12:57;1.48|3.8|5.8|11-05 09:59;
line 79 : 34132400^1.45|4|6.5|11-05 09:59;
line 80 : 34132401^1.57|3.75|5.55|11-06 06:45;1.54|3.8|5.7|11-06 05:55;1.54|3.75|5.85|11-06 01:42;1.54|3.8|5.75|11-05 23:06;1.54|3.85|5.75|11-05 21:08;1.54|3.8|5.7|11-05 20:08;1.54|3.8|5.75|11-05 17:52;1.53|3.8|6|11-05 16:20;1.51|3.85|6.05|11-05 16:05;1.53|3.8|6|11-05 14:18;1.51|3.85|6.05|11-05 09:59;
line 81 : 34132402^1.45|3.8|6|11-05 09:59;
line 82 : 34132403^1.52|3.5|5.3|11-06 06:45;1.54|3.4|5.2|11-06 05:55;1.5|3.5|5.4|11-06 02:42;1.5|3.5|5.5|11-06 01:42;1.52|3.4|5.4|11-05 23:06;1.5|3.5|5.4|11-05 22:18;1.5|3.5|5.5|11-05 20:08;1.5|3.5|5.6|11-05 17:52;1.49|3.55|5.7|11-05 16:31;1.48|3.55|5.8|11-05 16:20;1.42|3.8|6.4|11-05 16:05;1.48|3.55|5.8|11-05 09:59;
line 83 : 34132404^1.5|4|5.5|11-05 19:28;1.45|4|6.2|11-05 09:59;
line 84 : 34132405^1.5|4|5.5|11-05 21:08;1.45|4|6.2|11-05 09:59;
line 85 : 34132406^1.52|3.6|5.7|11-05 16:05;1.47|3.8|5.97|11-05 09:59;
line 86 : 34132407^1.57|3.75|5.7|11-06 06:45;1.57|3.75|5.5|11-06 06:29;1.57|3.8|5.5|11-06 06:12;1.53|3.85|5.9|11-06 05:32;1.54|3.85|5.9|11-06 04:59;1.53|3.85|5.9|11-06 03:53;1.54|3.85|5.9|11-06 02:02;1.53|3.8|6|11-06 01:42;1.52|3.8|6|11-06 01:23;1.53|3.8|5.9|11-05 23:06;1.52|3.8|5.9|11-05 22:18;1.52|3.85|5.9|11-05 21:56;1.52|3.9|6|11-05 21:35;1.52|3.85|5.9|11-05 20:08;1.52|3.85|6|11-05 19:48;1.52|3.85|5.9|11-05 17:11;1.52|3.85|6|11-05 16:31;1.52|3.9|6|11-05 14:18;1.51|3.9|6|11-05 09:59;
line 87 : 34132408^1.63|3.68|5.53|11-06 06:45;1.57|3.86|6.18|11-06 05:55;1.56|3.96|6.18|11-06 04:59;1.54|3.96|6.18|11-06 03:37;1.54|3.86|6.36|11-06 02:42;1.54|3.77|6.18|11-06 01:42;1.56|3.86|6.18|11-06 00:27;1.54|3.77|6.18|11-05 23:06;1.54|3.86|6.18|11-05 22:18;1.55|3.86|6.36|11-05 17:52;1.5|3.86|6.18|11-05 11:18;1.5|3.86|6.73|11-05 10:19;1.51|3.86|6.73|11-05 09:59;
line 88 : 34132409^1.42|3.65|5|11-05 09:59;
line 89 : 34132410^1.55|3.75|5.25|11-06 02:22;1.53|3.75|5.5|11-06 01:23;1.55|3.75|5.25|11-05 19:28;1.5|3.75|5.5|11-05 09:59;
line 90 : 34132411^1.51|3.84|6.37|11-05 20:48;1.45|4.01|7.1|11-05 09:59;
line 91 : 34132412^1.5|3.8|6|11-05 09:59;
line 92 : 34132413^1.53|3.6|5.5|11-06 06:45;1.5|3.75|5.5|11-05 16:20;1.44|3.8|6|11-05 16:05;1.5|3.75|5.5|11-05 14:18;1.44|3.8|6|11-05 09:59;
line 93 : 34132414^1.45|3.8|6.35|11-05 09:59;
line 94 : 34132415^1.57|3.7|5|11-06 06:29;1.45|3.9|6|11-05 09:59;
line 95 : 34132416^1.55|3.6|5.68|11-05 14:18;1.45|3.8|6.84|11-05 09:59;
line 96 : 34132417^1.6|3.65|5.45|11-06 00:07;1.58|3.75|5.45|11-05 09:59;
line 97 : 34132418^1.54|3.6|5.5|11-06 06:45;1.56|3.5|5.5|11-06 05:55;1.52|3.6|5.6|11-06 03:37;1.52|3.6|5.7|11-06 01:42;1.54|3.5|5.6|11-05 23:06;1.52|3.6|5.7|11-05 19:48;1.52|3.6|5.8|11-05 17:31;1.5|3.65|5.8|11-05 16:31;1.49|3.65|6.1|11-05 16:20;1.5|3.7|5.8|11-05 16:05;1.49|3.65|6.1|11-05 09:59;
line 98 : 34132419^1.55|3.66|5.44|11-06 01:23;1.56|3.64|5.43|11-06 00:48;1.57|3.61|5.31|11-05 23:46;1.57|3.63|5.3|11-05 23:06;1.57|3.66|5.21|11-05 22:18;1.58|3.68|5.12|11-05 21:56;1.58|3.69|5.13|11-05 19:48;1.57|3.71|5.21|11-05 19:28;1.56|3.72|5.24|11-05 16:31;1.55|3.73|5.32|11-05 16:20;1.56|3.72|5.29|11-05 16:05;1.55|3.68|5.42|11-05 14:39;1.58|3.61|5.29|11-05 14:18;1.55|3.65|5.49|11-05 11:37;1.54|3.68|5.55|11-05 09:59;
line 99 : 34132420^1.55|3.8|4.4|11-05 16:20;1.45|3.9|5.2|11-05 09:59;
line 100 : 34132421^1.51|3.84|5.5|11-05 20:08;1.49|3.92|5.85|11-05 09:59;
line 101 : 34132422^1.5|4.15|6.2|11-05 09:59;
line 102 : 34132423^1.55|3.5|5.5|11-05 19:48;1.45|3.7|6.6|11-05 19:28;1.55|3.5|5.5|11-05 18:53;1.45|3.7|6.6|11-05 18:32;1.55|3.5|5.5|11-05 18:12;1.45|3.7|6.6|11-05 17:52;1.55|3.5|5.5|11-05 17:31;1.45|3.7|6.6|11-05 17:11;1.55|3.5|5.5|11-05 16:51;1.45|3.7|6.6|11-05 16:31;1.55|3.5|5.5|11-05 16:20;1.45|3.7|6.6|11-05 09:59;
line 103 : 34132424^1.28|3.7|6.65|11-05 09:59;
line 104 : 34132425^1.57|3.6|5.1|11-05 22:18;1.45|3.85|6.2|11-05 09:59;
line 105 : 34132426^1.57|3.75|5.5|11-05 17:31;1.47|4|6.5|11-05 16:20;1.53|3.8|6|11-05 16:05;1.47|4|6.5|11-05 09:59;
line 106 : 34132427^1.45|4|5.8|11-05 09:59;
line 107 : 34132428^1.55|3.9|5.2|11-06 06:45;1.55|3.85|5.2|11-06 01:42;1.56|3.85|5.15|11-06 01:23;1.6|3.84|4.8|11-05 20:28;1.56|3.9|4.95|11-05 17:11;1.58|3.9|4.8|11-05 16:31;1.57|3.83|5.05|11-05 16:20;1.56|3.9|4.95|11-05 16:05;1.57|3.83|5.05|11-05 14:18;1.52|3.95|5.6|11-05 11:56;1.5|4.05|5.45|11-05 09:59;
line 108 : 34132429^1.5|4.05|5.45|11-05 09:59;
line 109 : 34132430^1.54|3.95|5.3|11-06 06:45;1.63|3.7|4.55|11-06 06:29;1.56|3.9|5.15|11-06 05:55;1.55|3.85|5.2|11-06 01:42;1.56|3.85|5.15|11-06 01:23;1.6|3.8|4.85|11-05 22:18;1.6|3.84|4.8|11-05 20:08;1.58|3.9|4.8|11-05 19:48;1.56|3.9|4.95|11-05 16:31;1.58|3.9|4.8|11-05 16:20;1.57|3.83|5.05|11-05 14:18;1.52|3.95|5.6|11-05 11:37;1.5|4.05|5.45|11-05 09:59;
line 110 : 34132431^1.55|3.75|5.5|11-06 00:07;1.55|3.6|5.5|11-05 23:46;1.55|4|5|11-05 09:59;
line 111 : 34132432^1.5|3.9|5.5|11-05 09:59;
line 112 : 34132433^1.45|3.75|6.46|11-05 09:59;
line 113 : 34132434^1.5|3.75|6|11-05 11:56;1.4|4|6.5|11-05 09:59;
line 114 : 34132435^1.45|3.95|5.8|11-05 09:59;
line 115 : 34132436^1.48|3.89|5.71|11-05 09:59;
line 116 : 34132437^1.54|3.95|5.7|11-06 03:53;1.53|3.95|5.8|11-06 02:22;1.52|3.95|5.9|11-06 02:02;1.52|3.9|6|11-06 01:23;1.53|3.9|5.9|11-05 20:08;1.52|3.9|6|11-05 14:39;1.52|4|5.9|11-05 09:59;
line 117 : 34132438^1.5|4.3|7|11-05 09:59;
line 118 : 34132439^1.49|4|6.25|11-05 09:59;
line 119 : 34132440^1.52|3.55|5.5|11-06 06:45;1.54|3.5|5.3|11-06 05:55;1.52|3.55|5.5|11-06 03:37;1.52|3.55|5.6|11-06 02:42;1.54|3.45|5.5|11-06 00:27;1.54|3.45|5.6|11-05 23:06;1.52|3.55|5.6|11-05 22:18;1.49|3.65|6|11-05 16:31;1.49|3.6|6|11-05 16:20;1.44|3.6|6.1|11-05 16:05;1.49|3.6|6|11-05 09:59;
line 120 : 34132441^1.45|3.9|6.2|11-06 06:45;1.55|3.6|5.2|11-06 06:45;1.55|3.7|5.2|11-06 06:29;1.45|3.9|6.2|11-06 06:12;1.55|3.7|5.2|11-06 05:55;1.45|3.9|6.2|11-05 16:20;1.5|3.75|5.4|11-05 16:05;1.45|3.9|6.2|11-05 15:00;1.5|3.75|5.4|11-05 14:51;1.45|3.9|6.2|11-05 14:39;1.5|3.75|5.4|11-05 14:18;1.45|3.9|6.2|11-05 12:23;1.5|3.85|5.6|11-05 11:56;1.45|3.9|6.2|11-05 11:37;1.5|3.85|5.6|11-05 11:18;1.45|3.9|6.2|11-05 10:58;1.5|3.85|5.6|11-05 10:39;1.45|3.9|6.2|11-05 10:19;1.5|3.85|5.6|11-05 09:59;1.45|3.9|6.2|11-05 09:59;
line 121 : 34132442^1.5|3.7|5.3|11-05 14:18;1.5|3.8|5.5|11-05 09:59;
line 122 : 34132443^1.4|3.3|5.5|11-05 09:59;
line 123 : 34132444^1.55|3.6|5.2|11-06 06:45;1.55|3.7|5.2|11-06 05:55;1.5|3.75|5.4|11-05 16:20;1.5|3.85|5.6|11-05 16:05;1.5|3.75|5.4|11-05 14:18;1.5|3.85|5.6|11-05 09:59;
line 124 : 34132445^1.6|4.08|6.51|11-06 06:45;1.57|4.06|7|11-06 06:29;1.59|4.03|6.79|11-06 06:12;1.61|3.95|6.67|11-06 05:32;1.59|3.99|6.91|11-06 04:28;1.58|3.97|6.88|11-06 02:42;1.56|4.02|7.04|11-06 02:22;1.56|4.04|7.03|11-06 01:23;1.58|4.01|6.83|11-06 00:27;1.58|3.99|6.97|11-05 23:06;1.58|4.03|6.74|11-05 20:48;1.58|4.04|6.77|11-05 20:28;1.58|4.09|6.3|11-05 20:08;1.6|4.05|6.17|11-05 19:28;1.58|4.08|6.31|11-05 16:20;1.57|4.03|6.73|11-05 16:05;1.58|4.08|6.31|11-05 15:59;1.57|4.07|6.54|11-05 12:57;1.57|4.08|6.58|11-05 11:56;1.58|4.09|6.41|11-05 09:59;
line 125 : 34135839^1.35|3.6|5.5|11-05 11:56;
line 126 : 34136841^1.5|3.8|6.2|11-05 14:39;
line 127 : 34136842^1.45|4|5.75|11-05 14:39;
line 128 : 34137063^1.5|3.75|5.36|11-05 15:20;
line 129 : 34137220^1.54|3.75|5.25|11-06 05:55;1.52|3.75|5.5|11-05 15:39;
line 130 : 34137524^1.55|3.8|5.75|11-06 04:28;1.59|4.2|4.9|11-05 15:59;
line 131 : 34137525^1.55|3.6|5.25|11-05 15:59;
line 132 : 34145697^1.52|3.9|6|11-05 16:05;
line 133 : 34145698^1.59|4.2|4.9|11-05 16:05;
line 134 : 34145699^1.49|3.8|5.9|11-05 16:05;
line 135 : 34145700^1.43|4|6.65|11-05 16:05;
line 136 : 34145701^1.48|3.96|6.09|11-05 16:05;
line 137 : 34145702^1.46|4.1|6.2|11-05 16:05;
line 138 : 34145703^1.51|3.95|5.1|11-05 16:05;
line 139 : 34145704^1.49|3.89|5.9|11-05 16:05;
line 140 : 34145705^1.52|3.9|6|11-05 16:05;
line 141 : 34145706^1.5|3.75|5.4|11-05 16:05;
line 142 : 34145707^1.47|4|5.5|11-05 16:05;
line 143 : 34145708^1.45|3.8|6|11-05 16:05;
line 144 : 34145709^1.46|3.8|5.8|11-05 16:05;
line 145 : 34145710^1.5|3.9|5.5|11-05 16:05;
line 146 : 34145711^1.6|3.8|5.5|11-06 06:45;1.6|3.9|5.5|11-06 05:55;1.55|3.95|5.7|11-05 16:05;
line 147 : 34145712^1.45|3.75|5.3|11-05 16:05;
line 148 : 34145713^1.5|3.7|5.7|11-05 16:05;
line 149 : 34145714^1.52|3.7|5.8|11-05 16:05;
line 150 : 34145715^1.5|3.8|5.6|11-05 16:05;
line 151 : 34145716^1.52|3.9|6|11-05 16:05;
line 152 : 34145717^1.45|3.8|6.3|11-05 16:05;
line 153 : 34145718^1.53|4|6.5|11-05 16:05;
line 154 : 34145719^1.52|3.9|6|11-05 16:05;
line 155 : 34145720^1.55|4.2|6.3|11-05 16:05;
line 156 : 34145721^1.5|3.8|5.6|11-05 16:05;
line 157 : 34145722^1.42|3.65|5|11-05 16:05;
line 158 : 34145723^1.5|3.75|5.5|11-05 16:05;
line 159 : 34145724^1.4|3.75|5.75|11-05 16:05;
line 160 : 34145725^1.45|3.85|5.35|11-05 16:05;
line 161 : 34145726^1.5|3.75|5.5|11-05 16:05;
line 162 : 34145727^1.47|3.55|5.5|11-05 16:05;
line 163 : 34145728^1.58|4.08|6.32|11-05 16:05;
line 164 : 34145729^1.45|4|6.55|11-05 16:05;
line 165 : 34145730^1.53|3.7|5.67|11-06 00:07;1.55|3.8|5.21|11-05 16:51;1.55|3.8|5.4|11-05 16:05;
line 166 : 34145731^1.52|3.9|6|11-05 16:05;
line 167 : 34145732^1.5|3.7|5.3|11-05 16:05;
line 168 : 34145733^1.45|4|5.8|11-05 16:05;
line 169 : 34145734^1.45|3.9|6.1|11-05 16:05;
line 170 : 34145735^1.47|4|5.75|11-05 16:05;
line 171 : 34151450^1.52|3.75|5.7|11-06 06:45;1.5|3.8|5.9|11-05 16:31;
line 172 : 34151451^1.55|3.9|5.1|11-06 03:37;1.55|3.9|5.35|11-06 02:02;1.53|3.8|5.8|11-05 16:31;
line 173 : 34151452^1.6|3.85|5|11-06 06:45;1.52|3.85|6.2|11-05 16:31;
line 174 : 34152504^1.57|3.95|6.2|11-06 06:45;1.6|3.9|6.2|11-06 05:55;1.58|3.9|6.2|11-06 04:59;1.57|3.75|6.2|11-06 03:37;1.56|3.75|6.2|11-06 02:42;1.56|3.9|6.2|11-06 01:42;1.57|3.85|6.2|11-06 00:27;1.57|3.75|5.7|11-05 22:18;1.55|3.65|5.7|11-05 19:48;1.53|3.65|5.7|11-05 17:52;
line 175 : 34155256^1.52|3.65|5.95|11-06 01:23;1.58|3.65|5.18|11-05 22:18;1.58|3.7|5.08|11-05 20:28;1.56|3.7|5.3|11-05 19:48;
line 176 : 34157327^1.5|3.8|5.55|11-05 21:35;
line 177 : 34165359^1.55|3.85|5|11-06 06:45
line 178 : 34165439^1.57|3.5|5|11-06 06:55
